# 1) GL4, AS4 and CYS all have two protonation states: 0 or 1. HIP has four protonation states (0-4) but we did not simulate its protonation 
#    state in constantPH simulations

# 2) The default state for GL4 and AS4 are deprotonated state (state 0), while CYS's default state is protonated state (1)

   Residue Number     State  0     State  1     State  2     State  3     State  4 
-----------------------------------------------------------------------------------
Residue: GL4 4    0.163476 (0) 0.345639 (1) 0.067702 (1) 0.351951 (1) 0.071232 (1) 
Residue: AS4 5    0.408391 (0) 0.229470 (1) 0.066044 (1) 0.244888 (1) 0.051206 (1) 
Residue: GL4 6    0.023780 (0) 0.393705 (1) 0.095400 (1) 0.419627 (1) 0.067488 (1) 
Residue: GL4 12   0.068818 (0) 0.325757 (1) 0.240090 (1) 0.312581 (1) 0.052754 (1) 
Residue: AS4 15   0.951962 (0) 0.018298 (1) 0.000548 (1) 0.029004 (1) 0.000188 (1) 
Residue: GL4 17   0.208036 (0) 0.234970 (1) 0.210954 (1) 0.252723 (1) 0.093316 (1) 
Residue: GL4 18   0.047886 (0) 0.389781 (1) 0.048312 (1) 0.434695 (1) 0.079326 (1) 
Residue: GL4 19   0.333499 (0) 0.263709 (1) 0.031336 (1) 0.349971 (1) 0.021486 (1) 
Residue: GL4 20   0.083014 (0) 0.354397 (1) 0.126572 (1) 0.369405 (1) 0.066612 (1) 
Residue: GL4 21   0.024360 (0) 0.401139 (1) 0.076444 (1) 0.364389 (1) 0.133668 (1) 
Residue: GL4 22   0.039478 (0) 0.336923 (1) 0.145286 (1) 0.347413 (1) 0.130900 (1) 
Residue: GL4 23   0.133092 (0) 0.410715 (1) 0.029792 (1) 0.397143 (1) 0.029258 (1) 
Residue: GL4 24   0.105310 (0) 0.434049 (1) 0.253479 (1) 0.082446 (1) 0.124716 (1) 
Residue: GL4 25   0.019200 (0) 0.490603 (1) 0.038346 (1) 0.405831 (1) 0.046020 (1) 
Residue: AS4 28   0.162328 (0) 0.173130 (1) 0.108462 (1) 0.184326 (1) 0.371753 (1) 
Residue: GL4 35   0.110410 (0) 0.391085 (1) 0.033376 (1) 0.411941 (1) 0.053188 (1) 
Residue: CYS 37   1.000000 (1) 0.000000 (0) 
Residue: GL4 38   0.117664 (0) 0.397621 (1) 0.058758 (1) 0.370217 (1) 0.055740 (1) 
Residue: GL4 41   0.210332 (0) 0.350561 (1) 0.044032 (1) 0.347723 (1) 0.047352 (1) 
Residue: CYS 43   1.000000 (1) 0.000000 (0) 
Residue: GL4 48   0.122128 (0) 0.410585 (1) 0.032760 (1) 0.402387 (1) 0.032140 (1) 
Residue: GL4 51   0.109008 (0) 0.422765 (1) 0.025476 (1) 0.416183 (1) 0.026568 (1) 
Residue: CYS 53   1.000000 (1) 0.000000 (0) 
Residue: AS4 54   0.245716 (0) 0.368213 (1) 0.009296 (1) 0.369651 (1) 0.007124 (1) 
Residue: GL4 55   0.027022 (0) 0.440377 (1) 0.041002 (1) 0.441069 (1) 0.050530 (1) 
Residue: GL4 64   0.055944 (0) 0.412749 (1) 0.047336 (1) 0.432065 (1) 0.051906 (1) 
Residue: GL4 65   0.280653 (0) 0.305733 (1) 0.066708 (1) 0.299179 (1) 0.047728 (1) 
Residue: AS4 66   0.568809 (0) 0.197432 (1) 0.005978 (1) 0.221500 (1) 0.006280 (1) 
Residue: CYS 67   0.999980 (1) 0.000020 (0) 
Residue: GL4 69   0.086038 (0) 0.327097 (1) 0.145604 (1) 0.334619 (1) 0.106642 (1) 
Residue: GL4 70   0.240988 (0) 0.277109 (1) 0.024510 (1) 0.436855 (1) 0.020538 (1) 
Residue: AS4 73   0.794904 (0) 0.079376 (1) 0.036172 (1) 0.075644 (1) 0.013904 (1) 
Residue: AS4 79   0.612003 (0) 0.194476 (1) 0.004494 (1) 0.185474 (1) 0.003552 (1) 
Residue: CYS 81   0.999984 (1) 0.000016 (0) 
