   Residue Number     State  0     State  1     State  2     State  3     State  4 
-----------------------------------------------------------------------------------
Residue: GL4 4    0.833086 (0) 0.075838 (1) 0.014104 (1) 0.072710 (1) 0.004262 (1) 
Residue: AS4 5    0.987876 (0) 0.004104 (1) 0.000078 (1) 0.007884 (1) 0.000058 (1) 
Residue: GL4 6    0.956698 (0) 0.017790 (1) 0.001710 (1) 0.019320 (1) 0.004482 (1) 
Residue: GL4 12   0.851332 (0) 0.057908 (1) 0.016100 (1) 0.057502 (1) 0.017158 (1) 
Residue: AS4 15   0.742359 (0) 0.159454 (1) 0.002528 (1) 0.084838 (1) 0.010820 (1) 
Residue: GL4 17   0.769712 (0) 0.088942 (1) 0.054466 (1) 0.046608 (1) 0.040272 (1) 
Residue: GL4 18   0.827508 (0) 0.040826 (1) 0.051956 (1) 0.048620 (1) 0.031090 (1) 
Residue: GL4 19   0.793184 (0) 0.039936 (1) 0.062412 (1) 0.050722 (1) 0.053746 (1) 
Residue: GL4 20   0.810386 (0) 0.082514 (1) 0.013794 (1) 0.073632 (1) 0.019674 (1) 
Residue: GL4 21   0.795488 (0) 0.064398 (1) 0.042306 (1) 0.073574 (1) 0.024234 (1) 
Residue: GL4 22   0.689353 (0) 0.098912 (1) 0.040024 (1) 0.131320 (1) 0.040390 (1) 
Residue: GL4 23   0.819950 (0) 0.060850 (1) 0.020314 (1) 0.064408 (1) 0.034478 (1) 
Residue: GL4 24   0.756260 (0) 0.099680 (1) 0.025734 (1) 0.099698 (1) 0.018628 (1) 
Residue: GL4 25   0.683663 (0) 0.131074 (1) 0.039820 (1) 0.124464 (1) 0.020978 (1) 
Residue: AS4 28   0.998228 (0) 0.000608 (1) 0.000020 (1) 0.001110 (1) 0.000034 (1) 
Residue: GL4 35   0.838738 (0) 0.067442 (1) 0.001536 (1) 0.085248 (1) 0.007036 (1) 
Residue: CYS 37   1.000000 (1) 0.000000 (0) 
Residue: GL4 38   0.984966 (0) 0.008600 (1) 0.000084 (1) 0.006194 (1) 0.000156 (1) 
Residue: GL4 41   0.998258 (0) 0.000884 (1) 0.000016 (1) 0.000804 (1) 0.000038 (1) 
Residue: CYS 43   1.000000 (1) 0.000000 (0) 
Residue: GL4 48   0.985178 (0) 0.007000 (1) 0.000310 (1) 0.007246 (1) 0.000266 (1) 
Residue: GL4 51   0.916050 (0) 0.038686 (1) 0.003366 (1) 0.039510 (1) 0.002388 (1) 
Residue: CYS 53   1.000000 (1) 0.000000 (0) 
Residue: AS4 54   0.986958 (0) 0.006374 (1) 0.000318 (1) 0.005374 (1) 0.000976 (1) 
Residue: GL4 55   0.953420 (0) 0.019798 (1) 0.003086 (1) 0.019488 (1) 0.004208 (1) 
Residue: GL4 64   0.991456 (0) 0.003714 (1) 0.000368 (1) 0.004102 (1) 0.000360 (1) 
Residue: GL4 65   0.983280 (0) 0.004454 (1) 0.000716 (1) 0.008486 (1) 0.003064 (1) 
Residue: AS4 66   0.994760 (0) 0.001354 (1) 0.000028 (1) 0.003838 (1) 0.000020 (1) 
Residue: CYS 67   0.999998 (1) 0.000002 (0) 
Residue: GL4 69   0.836700 (0) 0.027460 (1) 0.047686 (1) 0.027574 (1) 0.060580 (1) 
Residue: GL4 70   0.983094 (0) 0.007694 (1) 0.000136 (1) 0.008840 (1) 0.000236 (1) 
Residue: AS4 73   0.999016 (0) 0.000494 (1) 0.000004 (1) 0.000486 (1) 0.000000 (1) 
Residue: AS4 79   0.999644 (0) 0.000204 (1) 0.000002 (1) 0.000150 (1) 0.000000 (1) 
Residue: CYS 81   1.000000 (1) 0.000000 (0) 
